# Topology used in the work "DeepRMSA: A Deep Reinforcement Learning Framework for Routing, Modulation and Spectrum Assignment in Elastic Optical Networks", DOI: 10.1109/jlt.2019.2923615
27
55
1 2 1000
1 5 500	
1 3 400
2 7 700	
2 6 500	
2 4 300
3 5 500
3 10 800	
4 6 500	
4 14 800
5 9 400	
5 8 300
6 13 300	
6 14 300
6 7 400
7 13 200
7 8 400
8 9 300	
8 12 400
9 10 500	
9 11 300	
9 16 500
9 12 400
10 11 500	
10 18 600
11 18 400	
11 17 200
12 13 300	
12 15 200
12 16 300
13 14 300	
14 15 400	
14 22 400
14 25 500
15 21 100
15 22 400
16 17 400	
16 20 300
16 21 200
17 20 600	
17 24 800
17 19 500	
17 18 200	
18 19 300
19 24 700	
19 23 800	
20 21 200
20 24 500
21 22 300
22 25 400
22 27 500	
23 24 1100
25 27 400
25 26 600
26 27 500
